g =

   0.50000
   0.50000
   0.50000
   0.50000
   0.50000
   0.50000
   0.50000
   0.50000
   0.50000
   0.50000
   0.50000
   0.50000
   0.50000
   0.50000
   0.50000
   0.50000
   0.50000
   0.50000
   0.50000
   0.50000
   0.50000
   0.50000
   0.50000
   0.50000
   0.50000
   0.50000
   0.50000
   0.50000
   0.50000
   0.50000
   0.50000
   0.50000
   0.50000
   0.50000
   0.50000
   0.50000
   0.50000
   0.50000
   0.50000
   0.50000
   0.50000
   0.50000
   0.50000
   0.50000
   0.50000
   0.50000
   0.50000
   0.50000
   0.50000
   0.50000
   0.50000
   0.50000
   0.50000
   0.50000
   0.50000
   0.50000
   0.50000
   0.50000
   0.50000
   0.50000
   0.50000
   0.50000
   0.50000
   0.50000
   0.50000
   0.50000
   0.50000
   0.50000
   0.50000
   0.50000
   0.50000
   0.50000
   0.50000
   0.50000
   0.50000
   0.50000
   0.50000
   0.50000
   0.50000
   0.50000
   0.50000
   0.50000
   0.50000
   0.50000
   0.50000
   0.50000
   0.50000
   0.50000
   0.50000
   0.50000
   0.50000
   0.50000
   0.50000
   0.50000
   0.50000
   0.50000
   0.50000
   0.50000
   0.50000
   0.50000

Cost at initial theta (zeros): 0.693147
Expected cost (approx): 0.693
Gradient at initial theta (zeros): 
 -0.100000 
 -12.009217 
 -11.262842 
Expected gradients (approx):
 -0.1000
 -12.0092
 -11.2628
g =

   1.8689e-01
   1.0477e-04
   9.5343e-02
   9.9502e-01
   9.9897e-01
   2.3659e-02
   9.9946e-01
   5.7829e-01
   9.9983e-01
   8.3107e-01
   9.4361e-01
   5.3322e-02
   9.9957e-01
   9.9992e-01
   2.9215e-01
   9.9039e-01
   5.8955e-01
   2.5447e-01
   9.9984e-01
   7.1319e-01
   1.2369e-01
   9.9917e-01
   1.5955e-02
   2.4459e-04
   9.9541e-01
   9.2020e-01
   7.3152e-01
   9.1552e-01
   1.7041e-01
   3.7554e-02
   9.4467e-01
   9.8892e-01
   2.7831e-01
   5.7338e-01
   1.5199e-01
   6.7220e-02
   9.2804e-01
   9.9342e-01
   3.2575e-01
   1.0758e-01
   9.8274e-01
   1.3136e-02
   9.9967e-01
   6.4506e-01
   9.6997e-03
   2.4172e-01
   9.9605e-01
   1.0000e+00
   9.9958e-01
   9.9999e-01
   9.9891e-01
   9.9968e-01
   9.4199e-01
   6.5884e-03
   1.8311e-02
   1.0708e-01
   9.9991e-01
   8.3687e-01
   9.9196e-01
   9.9765e-01
   9.9973e-01
   5.3182e-04
   7.4140e-03
   3.1280e-04
   1.4476e-01
   7.8031e-02
   9.7337e-01
   2.1693e-02
   9.9997e-01
   8.2457e-01
   1.5162e-04
   9.8804e-01
   9.9994e-01
   9.3765e-01
   9.4978e-01
   9.9997e-01
   9.5883e-01
   7.7792e-01
   3.2071e-02
   7.2895e-01
   9.9957e-01
   9.8379e-01
   9.4168e-01
   3.4312e-01
   9.9997e-01
   9.9890e-01
   5.4588e-01
   9.9990e-01
   9.9998e-01
   2.0157e-01
   9.9996e-01
   9.9999e-01
   3.0504e-03
   9.9962e-01
   9.5438e-01
   9.1481e-01
   8.6682e-01
   9.9993e-01
   5.1359e-01
   9.9986e-01


Cost at test theta: 0.218330
Expected cost (approx): 0.218
Gradient at test theta: 
 0.042903 
 2.566234 
 2.646797 
Expected gradients (approx):
 0.043
 2.566
 2.647

Program paused. Press enter to continue.
